DIRECTION_GENERALE	ID_AGENCE
Centre et Cap Bon	"[ 11  18  21  27  28  29  32  33  37  40  42  43  45  49  51  52  54  55
  56  67  77  94  96 102 105 108 109 116 122 125 131 135 171 172 175 178
 182 183 185 190 193 195 196 197 198 227]"
Grand Tunis	"[  0   2   3   4   6   7   8   9  10  34  35  38  44  58  70  71  79  80
  82  86 101 103 104 106 107 113 114 115 118 119 120 121 123 124 126 132
 133 141 142 144 145 146 147 148 150 152 153 154 155 157 161 162 165 168
 173 174 177 179 180 181 184 186 187 188 189 191 192 194 200 217 224 226
 232]"
Nord	"[  5  26  31  36  47  53  59  61  62  72  73  75  89  93  97 111 127 128
 129 130 138 139 140 151 156 160 166 219 220 222 223 229 230 233 235]"
Sud	"[  1  12  13  14  15  16  17  19  20  22  23  24  25  30  39  41  46  48
  50  57  60  63  64  65  66  68  69  74  76  78  83 110 112 117 134 136
 137 143 149 158 159 163 164 167 169 170 176 205 218 221 225 228 231 234]"
